10001100000100000000000000000100
10001100000100010000000000001000
10001100000100100000000000000000
10001100000101000000000000000000
00000010000100101001000000100000
00000010001100101001100000100001
00000010011101001010000000100000
00000010000100101001000000100000
00000010001100101001100000100001
00000010011101001010000000100000
00000010000100101001000000100000
00000010001100101001100000100001
00000010011101001010000000100000
00000010000100101001000000100000
00000010001100101001100000100001
00000010011101001010000000100000